A 0 0 36.659588
A 0 1 21.761883
A 0 2 60.39325
A 0 3 37.76668
A 0 4 15.201199
A 0 5 65.47788
A 0 6 53.89129
A 0 7 3.0954719
A 0 8 44.53213
A 0 9 33.985638
A 0 10 53.538025
A 0 11 81.33746
A 0 12 30.771017
A 0 13 50.25387
A 0 14 13.27256
A 0 15 4.085064
A 0 16 69.091225
A 0 17 48.62249
A 0 18 88.11133
A 0 19 78.05733
A 0 20 70.70815
A 0 21 61.303352
A 0 22 69.80457
A 0 23 80.48666
A 0 24 68.95393
A 0 25 50.37272
A 0 26 90.28163
A 0 27 98.036934
A 0 28 27.753962
A 0 29 16.535736
A 0 30 61.165653
A 0 31 51.279213
A 0 32 28.641272
A 0 33 34.67499
A 0 34 17.61862
A 0 35 13.089752
A 0 36 87.25648
A 0 37 74.037865
A 0 38 54.96411
A 0 39 41.52454
A 0 40 92.41462
A 0 41 78.74179
A 0 42 55.879784
A 0 43 98.74952
A 0 44 83.19404
A 0 45 1.1283755
A 0 46 24.740088
A 0 47 27.17321
A 0 48 51.047134
A 0 49 59.673546
A 1 0 57.665398
A 1 1 12.330699
A 1 2 84.2315
A 1 3 59.93985
A 1 4 15.922976
A 1 5 5.870497
A 1 6 84.27179
A 1 7 59.57254
A 1 8 1.6366124
A 1 9 19.756878
A 1 10 34.260845
A 1 11 20.909775
A 1 12 60.862137
A 1 13 64.50063
A 1 14 53.496147
A 1 15 60.83977
A 1 16 41.73714
A 1 17 35.028793
A 1 18 30.851078
A 1 19 96.221436
A 1 20 70.27732
A 1 21 48.249996
A 1 22 53.998627
A 1 23 83.33086
A 1 24 5.208504
A 1 25 32.291878
A 1 26 13.886202
A 1 27 60.655796
A 1 28 13.862205
A 1 29 33.15488
A 1 30 31.165123
A 1 31 14.459109
A 1 32 48.656548
A 1 33 45.276024
A 1 34 43.53572
A 1 35 96.418335
A 1 36 94.24638
A 1 37 81.2166
A 1 38 94.80066
A 1 39 56.775665
A 1 40 94.935394
A 1 41 94.958984
A 1 42 2.7687907
A 1 43 7.7926397
A 1 44 13.716423
A 1 45 40.686226
A 1 46 62.612106
A 1 47 52.659943
A 1 48 61.628628
A 1 49 39.038338
A 2 0 59.027515
A 2 1 52.510643
A 2 2 6.3114405
A 2 3 64.924385
A 2 4 34.472775
A 2 5 5.9442043
A 2 6 78.39495
A 2 7 46.803307
A 2 8 61.587833
A 2 9 65.71166
A 2 10 64.55919
A 2 11 84.01146
A 2 12 24.617695
A 2 13 69.298805
A 2 14 85.973236
A 2 15 62.393475
A 2 16 81.52224
A 2 17 15.934563
A 2 18 13.554251
A 2 19 96.2428
A 2 20 52.44373
A 2 21 50.705074
A 2 22 56.4947
A 2 23 68.86255
A 2 24 21.457636
A 2 25 50.851665
A 2 26 56.554245
A 2 27 72.00513
A 2 28 16.878033
A 2 29 77.57871
A 2 30 99.1286
A 2 31 7.614517
A 2 32 15.525162
A 2 33 21.936893
A 2 34 26.897408
A 2 35 7.3162556
A 2 36 99.2665
A 2 37 60.06261
A 2 38 5.2468777
A 2 39 0.8342862
A 2 40 66.47466
A 2 41 46.56539
A 2 42 16.4019
A 2 43 89.213005
A 2 44 76.12629
A 2 45 63.97381
A 2 46 62.562336
A 2 47 55.087437
A 2 48 98.333
A 2 49 2.1427155
A 3 0 3.0222178
A 3 1 98.57458
A 3 2 88.22916
A 3 3 24.281883
A 3 4 65.61314
A 3 5 48.322617
A 3 6 57.703243
A 3 7 76.979195
A 3 8 70.62137
A 3 9 61.819542
A 3 10 33.545662
A 3 11 79.97279
A 3 12 31.424868
A 3 13 43.00325
A 3 14 2.5557756
A 3 15 83.147415
A 3 16 90.18872
A 3 17 58.99246
A 3 18 8.872568
A 3 19 63.86187
A 3 20 33.70936
A 3 21 2.9302359
A 3 22 54.67286
A 3 23 38.66303
A 3 24 84.71813
A 3 25 58.644592
A 3 26 98.018906
A 3 27 26.544035
A 3 28 68.498276
A 3 29 43.04265
A 3 30 66.436455
A 3 31 32.06897
A 3 32 87.21642
A 3 33 14.033222
A 3 34 51.056767
A 3 35 65.302216
A 3 36 71.74667
A 3 37 79.38956
A 3 38 41.394936
A 3 39 83.55905
A 3 40 77.80351
A 3 41 52.066017
A 3 42 11.187542
A 3 43 94.450554
A 3 44 17.241632
A 3 45 4.2892575
A 3 46 20.144547
A 3 47 14.108383
A 3 48 23.75233
A 3 49 95.39894
A 4 0 8.22227
A 4 1 10.377908
A 4 2 88.934235
A 4 3 74.66464
A 4 4 86.171936
A 4 5 5.3922653
A 4 6 25.50727
A 4 7 97.88554
A 4 8 27.86746
A 4 9 6.265831
A 4 10 2.467692
A 4 11 56.67912
A 4 12 18.614887
A 4 13 81.7168
A 4 14 87.006256
A 4 15 33.42922
A 4 16 21.343458
A 4 17 48.050606
A 4 18 80.21132
A 4 19 16.943573
A 4 20 3.489387
A 4 21 80.91248
A 4 22 71.261635
A 4 23 43.243755
A 4 24 12.213445
A 4 25 34.808456
A 4 26 27.10886
A 4 27 62.90635
A 4 28 76.70293
A 4 29 76.76784
A 4 30 6.1739445
A 4 31 74.404236
A 4 32 71.69379
A 4 33 1.441431
A 4 34 48.073853
A 4 35 79.24657
A 4 36 69.46829
A 4 37 76.9651
A 4 38 97.99595
A 4 39 39.597572
A 4 40 85.44519
A 4 41 41.7696
A 4 42 12.757385
A 4 43 99.66554
A 4 44 95.84995
A 4 45 68.74464
A 4 46 86.75126
A 4 47 97.594215
A 4 48 94.959435
A 4 49 35.73928
A 5 0 66.27097
A 5 1 39.706432
A 5 2 8.704937
A 5 3 21.07954
A 5 4 63.01098
A 5 5 94.76467
A 5 6 5.9828997
A 5 7 91.2966
A 5 8 95.10909
A 5 9 43.103146
A 5 10 56.33049
A 5 11 27.028763
A 5 12 67.71387
A 5 13 60.168182
A 5 14 62.394917
A 5 15 3.732729
A 5 16 95.5963
A 5 17 9.285271
A 5 18 31.04416
A 5 19 5.985689
A 5 20 15.522516
A 5 21 61.505318
A 5 22 31.695509
A 5 23 86.9967
A 5 24 27.73254
A 5 25 17.667366
A 5 26 99.14129
A 5 27 46.618294
A 5 28 89.94204
A 5 29 10.078896
A 5 30 5.9658885
A 5 31 45.741535
A 5 32 49.49509
A 5 33 50.55877
A 5 34 59.928333
A 5 35 51.52471
A 5 36 46.07222
A 5 37 59.80183
A 5 38 51.398064
A 5 39 93.58791
A 5 40 21.869719
A 5 41 40.97557
A 5 42 96.393524
A 5 43 95.12529
A 5 44 5.745375
A 5 45 28.777527
A 5 46 81.72767
A 5 47 90.58526
A 5 48 57.210983
A 5 49 99.13485
A 6 0 4.730606
A 6 1 95.459595
A 6 2 68.53833
A 6 3 63.943314
A 6 4 58.15668
A 6 5 83.22262
A 6 6 66.75307
A 6 7 18.532907
A 6 8 94.90821
A 6 9 99.82048
A 6 10 21.446121
A 6 11 99.89054
A 6 12 36.72645
A 6 13 42.438053
A 6 14 10.339748
A 6 15 20.811378
A 6 16 24.999893
A 6 17 63.392784
A 6 18 75.626015
A 6 19 75.24885
A 6 20 41.69338
A 6 21 74.1385
A 6 22 19.26508
A 6 23 9.37922
A 6 24 93.313965
A 6 25 38.02384
A 6 26 52.516937
A 6 27 36.826813
A 6 28 34.280144
A 6 29 70.84522
A 6 30 95.16061
A 6 31 31.816887
A 6 32 76.624405
A 6 33 13.722229
A 6 34 98.01816
A 6 35 73.0019
A 6 36 4.91904
A 6 37 8.885872
A 6 38 51.481213
A 6 39 76.02395
A 6 40 11.351824
A 6 41 6.2704563
A 6 42 26.114964
A 6 43 74.35457
A 6 44 36.81501
A 6 45 73.42839
A 6 46 56.95362
A 6 47 78.01801
A 6 48 34.62627
A 6 49 28.901695
A 7 0 70.516396
A 7 1 56.070076
A 7 2 49.22515
A 7 3 49.958694
A 7 4 11.632013
A 7 5 30.949677
A 7 6 26.856781
A 7 7 73.191345
A 7 8 85.81689
A 7 9 61.282803
A 7 10 82.5417
A 7 11 93.90801
A 7 12 55.32801
A 7 13 85.03719
A 7 14 67.70964
A 7 15 20.397413
A 7 16 86.7744
A 7 17 58.678593
A 7 18 22.298944
A 7 19 61.561108
A 7 20 40.34456
A 7 21 43.927753
A 7 22 29.959143
A 7 23 20.41049
A 7 24 71.84175
A 7 25 20.119286
A 7 26 78.32222
A 7 27 12.5911
A 7 28 58.640884
A 7 29 25.546694
A 7 30 77.32355
A 7 31 36.64824
A 7 32 95.1306
A 7 33 64.198135
A 7 34 51.215733
A 7 35 94.32453
A 7 36 15.964651
A 7 37 79.66714
A 7 38 29.193533
A 7 39 50.845135
A 7 40 77.99642
A 7 41 88.942085
A 7 42 90.64439
A 7 43 87.93195
A 7 44 24.298084
A 7 45 88.42699
A 7 46 40.75432
A 7 47 78.12517
A 7 48 1.5915632
A 7 49 72.19362
A 8 0 29.272806
A 8 1 98.74819
A 8 2 3.979373
A 8 3 52.15652
A 8 4 13.905239
A 8 5 88.75055
A 8 6 91.235565
A 8 7 58.0037
A 8 8 34.886242
A 8 9 78.35142
A 8 10 8.38201
A 8 11 43.222343
A 8 12 11.688328
A 8 13 60.5875
A 8 14 64.3657
A 8 15 36.199547
A 8 16 76.29087
A 8 17 51.333332
A 8 18 40.444637
A 8 19 93.36919
A 8 20 29.139948
A 8 21 35.727966
A 8 22 51.811157
A 8 23 40.835285
A 8 24 61.729847
A 8 25 90.61389
A 8 26 63.655663
A 8 27 0.2854228
A 8 28 25.00348
A 8 29 23.248613
A 8 30 51.440834
A 8 31 52.422394
A 8 32 71.21111
A 8 33 28.029049
A 8 34 11.992383
A 8 35 90.67239
A 8 36 41.800392
A 8 37 28.668726
A 8 38 64.320694
A 8 39 62.969707
A 8 40 7.2775364
A 8 41 46.255066
A 8 42 8.97106
A 8 43 93.391335
A 8 44 91.2761
A 8 45 24.911678
A 8 46 12.913203
A 8 47 58.445705
A 8 48 73.93582
A 8 49 70.742905
A 9 0 63.24446
A 9 1 38.805294
A 9 2 6.6526175
A 9 3 29.81652
A 9 4 5.2085996
A 9 5 70.01336
A 9 6 89.41156
A 9 7 10.859907
A 9 8 0.4898548
A 9 9 23.695803
A 9 10 98.314606
A 9 11 72.97813
A 9 12 44.64482
A 9 13 17.459333
A 9 14 91.089775
A 9 15 82.38603
A 9 16 86.335526
A 9 17 84.90274
A 9 18 77.12958
A 9 19 39.589355
A 9 20 34.41142
A 9 21 25.13634
A 9 22 55.105232
A 9 23 40.505886
A 9 24 14.661015
A 9 25 42.589104
A 9 26 72.505554
A 9 27 35.10015
A 9 28 19.936121
A 9 29 83.08046
A 9 30 30.311752
A 9 31 35.52909
A 9 32 76.849556
A 9 33 66.11036
A 9 34 40.013134
A 9 35 8.584583
A 9 36 80.933914
A 9 37 18.28395
A 9 38 69.642166
A 9 39 74.218925
A 9 40 96.38303
A 9 41 94.13583
A 9 42 65.06346
A 9 43 52.967155
A 9 44 1.467514
A 9 45 48.618256
A 9 46 78.67782
A 9 47 16.145647
A 9 48 7.3928356
A 9 49 22.348368
A 10 0 26.12356
A 10 1 33.305706
A 10 2 48.311054
A 10 3 97.78031
A 10 4 29.496456
A 10 5 90.65212
A 10 6 60.22217
A 10 7 56.656708
A 10 8 35.148155
A 10 9 38.92553
A 10 10 1.8235564
A 10 11 81.20162
A 10 12 41.2858
A 10 13 6.1418414
A 10 14 66.00033
A 10 15 34.957886
A 10 16 42.796455
A 10 17 48.719097
A 10 18 13.322806
A 10 19 89.78453
A 10 20 38.79578
A 10 21 88.851776
A 10 22 32.99196
A 10 23 29.640186
A 10 24 31.264866
A 10 25 73.838844
A 10 26 80.14937
A 10 27 63.229263
A 10 28 68.13661
A 10 29 65.14496
A 10 30 66.47907
A 10 31 34.445335
A 10 32 38.69654
A 10 33 76.53543
A 10 34 90.654076
A 10 35 77.06682
A 10 36 57.625626
A 10 37 45.674442
A 10 38 65.58162
A 10 39 43.20296
A 10 40 38.987125
A 10 41 61.19958
A 10 42 77.57702
A 10 43 50.174522
A 10 44 18.780113
A 10 45 57.455124
A 10 46 73.64449
A 10 47 6.4573646
A 10 48 82.98862
A 10 49 15.192043
A 11 0 49.27651
A 11 1 48.890984
A 11 2 36.579086
A 11 3 45.271744
A 11 4 27.3713
A 11 5 42.406307
A 11 6 26.081074
A 11 7 0.9779215
A 11 8 2.9286504
A 11 9 63.90009
A 11 10 43.067623
A 11 11 92.656624
A 11 12 92.66997
A 11 13 69.03952
A 11 14 70.45946
A 11 15 22.466791
A 11 16 94.14395
A 11 17 11.108578
A 11 18 46.81171
A 11 19 55.074036
A 11 20 70.54566
A 11 21 71.49071
A 11 22 38.559593
A 11 23 88.242874
A 11 24 78.54226
A 11 25 60.596203
A 11 26 56.066086
A 11 27 9.375298
A 11 28 4.104531
A 11 29 9.641075
A 11 30 45.275352
A 11 31 8.242083
A 11 32 9.576071
A 11 33 61.8083
A 11 34 57.91782
A 11 35 62.92156
A 11 36 53.235424
A 11 37 74.33353
A 11 38 78.93762
A 11 39 1.4216542
A 11 40 90.02448
A 11 41 42.572166
A 11 42 61.28937
A 11 43 32.16206
A 11 44 33.837055
A 11 45 14.913284
A 11 46 58.641052
A 11 47 37.484123
A 11 48 55.48836
A 11 49 65.38327
A 12 0 33.365105
A 12 1 61.531067
A 12 2 53.597366
A 12 3 88.422966
A 12 4 11.458027
A 12 5 6.816876
A 12 6 98.70552
A 12 7 3.0053616
A 12 8 13.613928
A 12 9 51.755547
A 12 10 16.45279
A 12 11 70.89548
A 12 12 90.47377
A 12 13 67.650154
A 12 14 16.708612
A 12 15 19.114733
A 12 16 82.55762
A 12 17 64.33862
A 12 18 28.676403
A 12 19 26.188946
A 12 20 36.530922
A 12 21 23.838829
A 12 22 47.52002
A 12 23 31.871271
A 12 24 47.236835
A 12 25 43.947075
A 12 26 62.382732
A 12 27 33.465004
A 12 28 9.392155
A 12 29 69.22618
A 12 30 34.147026
A 12 31 56.762684
A 12 32 82.60282
A 12 33 65.74998
A 12 34 55.796684
A 12 35 7.802284
A 12 36 61.66532
A 12 37 42.56723
A 12 38 58.137775
A 12 39 61.623955
A 12 40 65.12718
A 12 41 6.1396837
A 12 42 58.952377
A 12 43 56.175983
A 12 44 87.60507
A 12 45 3.5289764
A 12 46 71.23016
A 12 47 88.72875
A 12 48 3.2087803
A 12 49 25.976933
A 13 0 35.943855
A 13 1 7.887912
A 13 2 60.988354
A 13 3 84.96085
A 13 4 9.7705
A 13 5 82.04816
A 13 6 65.298096
A 13 7 65.0301
A 13 8 4.7520757
A 13 9 99.43307
A 13 10 95.77092
A 13 11 17.888773
A 13 12 83.63514
A 13 13 31.171024
A 13 14 92.31832
A 13 15 47.850895
A 13 16 1.0102272
A 13 17 20.964252
A 13 18 91.25163
A 13 19 57.33025
A 13 20 89.99739
A 13 21 77.83034
A 13 22 39.37552
A 13 23 54.456078
A 13 24 5.674362
A 13 25 55.333126
A 13 26 58.537495
A 13 27 6.7555666
A 13 28 85.71595
A 13 29 52.818478
A 13 30 58.89598
A 13 31 36.0777
A 13 32 45.315613
A 13 33 47.53436
A 13 34 46.11069
A 13 35 4.442513
A 13 36 60.36165
A 13 37 15.496027
A 13 38 98.2335
A 13 39 46.336983
A 13 40 84.29055
A 13 41 17.09261
A 13 42 65.25663
A 13 43 13.360453
A 13 44 18.461788
A 13 45 55.67452
A 13 46 10.358583
A 13 47 72.20057
A 13 48 10.600448
A 13 49 31.361294
A 14 0 62.302197
A 14 1 84.68657
A 14 2 33.189617
A 14 3 33.806145
A 14 4 72.838295
A 14 5 2.0181775
A 14 6 78.9328
A 14 7 33.58436
A 14 8 72.8075
A 14 9 90.81782
A 14 10 8.391821
A 14 11 34.73145
A 14 12 39.089058
A 14 13 53.34153
A 14 14 66.181335
A 14 15 9.8551035
A 14 16 4.473698
A 14 17 35.519554
A 14 18 96.81126
A 14 19 90.75526
A 14 20 30.110455
A 14 21 2.6813745
A 14 22 83.97456
A 14 23 28.972126
A 14 24 3.9713383
A 14 25 88.12097
A 14 26 93.94617
A 14 27 24.343658
A 14 28 72.90243
A 14 29 92.9004
A 14 30 22.492659
A 14 31 9.344637
A 14 32 79.1386
A 14 33 18.933308
A 14 34 15.03948
A 14 35 80.051
A 14 36 86.85328
A 14 37 43.024708
A 14 38 97.87752
A 14 39 17.82682
A 14 40 67.77592
A 14 41 42.133915
A 14 42 69.8506
A 14 43 96.685005
A 14 44 60.765015
A 14 45 83.21391
A 14 46 40.543343
A 14 47 33.58599
A 14 48 40.825035
A 14 49 67.93889
A 15 0 47.172226
A 15 1 14.415873
A 15 2 4.827082
A 15 3 49.573494
A 15 4 77.73308
A 15 5 44.731117
A 15 6 45.120274
A 15 7 88.48218
A 15 8 57.67834
A 15 9 27.35846
A 15 10 90.71937
A 15 11 74.375244
A 15 12 61.526012
A 15 13 68.54806
A 15 14 75.226845
A 15 15 78.92918
A 15 16 49.99623
A 15 17 0.88813305
A 15 18 58.009315
A 15 19 50.168766
A 15 20 3.8017392
A 15 21 75.7005
A 15 22 65.88802
A 15 23 92.73154
A 15 24 78.24067
A 15 25 89.28039
A 15 26 51.94485
A 15 27 14.910221
A 15 28 79.915535
A 15 29 87.40245
A 15 30 1.7772794
A 15 31 57.53938
A 15 32 1.8707991
A 15 33 33.576595
A 15 34 24.36391
A 15 35 27.951168
A 15 36 90.95298
A 15 37 14.007271
A 15 38 98.87097
A 15 39 62.091362
A 15 40 84.89092
A 15 41 43.64965
A 15 42 55.042374
A 15 43 96.610535
A 15 44 9.155011
A 15 45 66.396774
A 15 46 0.5864382
A 15 47 47.062756
A 15 48 3.3380985
A 15 49 39.630436
A 16 0 91.11148
A 16 1 28.009462
A 16 2 34.57626
A 16 3 9.24431
A 16 4 21.155262
A 16 5 21.948767
A 16 6 14.697588
A 16 7 96.47827
A 16 8 95.61704
A 16 9 67.0462
A 16 10 23.953115
A 16 11 64.77477
A 16 12 60.74901
A 16 13 97.25389
A 16 14 47.755455
A 16 15 24.239195
A 16 16 53.073956
A 16 17 73.60806
A 16 18 93.597374
A 16 19 20.319473
A 16 20 14.123714
A 16 21 61.126102
A 16 22 22.591173
A 16 23 5.0430417
A 16 24 47.420204
A 16 25 42.191063
A 16 26 12.1645565
A 16 27 41.432953
A 16 28 83.25621
A 16 29 35.337852
A 16 30 59.309994
A 16 31 95.01431
A 16 32 60.33927
A 16 33 53.57207
A 16 34 90.33619
A 16 35 21.115458
A 16 36 9.393036
A 16 37 72.57103
A 16 38 67.82487
A 16 39 83.954796
A 16 40 66.23242
A 16 41 17.512787
A 16 42 95.25793
A 16 43 48.353924
A 16 44 92.24888
A 16 45 27.40786
A 16 46 21.803402
A 16 47 36.986115
A 16 48 60.785355
A 16 49 45.34992
A 17 0 28.523958
A 17 1 73.31168
A 17 2 90.970375
A 17 3 95.04875
A 17 4 42.551147
A 17 5 33.916603
A 17 6 61.38648
A 17 7 86.69181
A 17 8 27.686523
A 17 9 8.259296
A 17 10 58.525585
A 17 11 58.301414
A 17 12 73.58874
A 17 13 26.918852
A 17 14 90.91579
A 17 15 20.436192
A 17 16 17.849768
A 17 17 75.840744
A 17 18 95.477425
A 17 19 26.555943
A 17 20 4.9508095
A 17 21 56.74584
A 17 22 45.54229
A 17 23 47.412407
A 17 24 60.851635
A 17 25 37.742794
A 17 26 51.023247
A 17 27 79.08774
A 17 28 16.44962
A 17 29 18.472374
A 17 30 28.053783
A 17 31 4.5148253
A 17 32 40.03885
A 17 33 82.168495
A 17 34 80.07121
A 17 35 22.354126
A 17 36 31.436432
A 17 37 55.884266
A 17 38 52.73807
A 17 39 3.8449526
A 17 40 47.735966
A 17 41 48.07961
A 17 42 73.072205
A 17 43 25.023424
A 17 44 7.0117116
A 17 45 42.233433
A 17 46 75.711464
A 17 47 96.636604
A 17 48 5.5731535
A 17 49 50.286472
A 18 0 68.014824
A 18 1 28.770042
A 18 2 61.212147
A 18 3 30.38727
A 18 4 1.7369986
A 18 5 59.49035
A 18 6 27.729034
A 18 7 0.8801818
A 18 8 10.982227
A 18 9 35.825584
A 18 10 45.47721
A 18 11 32.131397
A 18 12 8.190548
A 18 13 76.09016
A 18 14 66.33388
A 18 15 89.7153
A 18 16 98.23915
A 18 17 64.81141
A 18 18 25.59867
A 18 19 17.055798
A 18 20 28.797377
A 18 21 85.354256
A 18 22 66.5579
A 18 23 97.223236
A 18 24 84.18436
A 18 25 96.775665
A 18 26 9.3570595
A 18 27 87.30329
A 18 28 68.33942
A 18 29 82.00406
A 18 30 83.477905
A 18 31 64.7269
A 18 32 64.944824
A 18 33 79.79223
A 18 34 42.563747
A 18 35 13.528336
A 18 36 26.752901
A 18 37 50.461662
A 18 38 73.562744
A 18 39 63.387417
A 18 40 27.33041
A 18 41 52.51039
A 18 42 37.544727
A 18 43 80.422104
A 18 44 19.214321
A 18 45 8.123422
A 18 46 86.90238
A 18 47 38.419365
A 18 48 22.675205
A 18 49 76.40309
A 19 0 40.616894
A 19 1 13.891804
A 19 2 84.67115
A 19 3 62.60749
A 19 4 61.26157
A 19 5 9.665262
A 19 6 21.720325
A 19 7 17.599285
A 19 8 9.962797
A 19 9 15.60198
A 19 10 95.99346
A 19 11 11.696136
A 19 12 62.988544
A 19 13 43.901478
A 19 14 12.851822
A 19 15 47.05732
A 19 16 2.108264
A 19 17 59.44606
A 19 18 91.411545
A 19 19 21.513535
A 19 20 12.2772455
A 19 21 31.851364
A 19 22 3.7703514
A 19 23 79.85634
A 19 24 91.31502
A 19 25 50.798355
A 19 26 41.38037
A 19 27 99.96995
A 19 28 82.737144
A 19 29 31.137598
A 19 30 98.82188
A 19 31 45.344414
A 19 32 28.275406
A 19 33 98.88299
A 19 34 58.09853
A 19 35 23.83467
A 19 36 51.180412
A 19 37 92.04703
A 19 38 10.691214
A 19 39 98.1238
A 19 40 34.998276
A 19 41 77.22999
A 19 42 44.438995
A 19 43 57.077694
A 19 44 31.999695
A 19 45 23.073446
A 19 46 23.832941
A 19 47 93.23595
A 19 48 61.849274
A 19 49 91.18479
A 20 0 63.5815
A 20 1 51.25407
A 20 2 39.948654
A 20 3 6.8941236
A 20 4 47.81965
A 20 5 99.35516
A 20 6 18.382227
A 20 7 1.6215324
A 20 8 73.16081
A 20 9 71.21616
A 20 10 4.748893
A 20 11 66.18818
A 20 12 69.68162
A 20 13 85.70116
A 20 14 6.6089153
A 20 15 22.747898
A 20 16 8.85222
A 20 17 21.653664
A 20 18 12.345839
A 20 19 93.74576
A 20 20 53.42096
A 20 21 77.67235
A 20 22 56.613266
A 20 23 20.562912
A 20 24 82.408264
A 20 25 73.1329
A 20 26 80.63488
A 20 27 21.065735
A 20 28 98.96563
A 20 29 29.083395
A 20 30 44.32993
A 20 31 7.127118
A 20 32 27.497173
A 20 33 2.792406
A 20 34 50.9758
A 20 35 82.227325
A 20 36 11.574137
A 20 37 74.7036
A 20 38 4.535544
A 20 39 79.107605
A 20 40 17.651917
A 20 41 17.256618
A 20 42 86.62974
A 20 43 48.235023
A 20 44 47.53344
A 20 45 10.245228
A 20 46 66.503975
A 20 47 58.488785
A 20 48 83.11335
A 20 49 65.95735
A 21 0 63.033283
A 21 1 49.841713
A 21 2 34.03355
A 21 3 30.77724
A 21 4 20.62075
A 21 5 37.69077
A 21 6 4.0519357
A 21 7 91.32706
A 21 8 44.56551
A 21 9 22.414303
A 21 10 94.24208
A 21 11 91.072334
A 21 12 31.924606
A 21 13 85.68764
A 21 14 66.470215
A 21 15 12.363089
A 21 16 1.8854618
A 21 17 98.44563
A 21 18 78.10786
A 21 19 74.918106
A 21 20 27.736223
A 21 21 73.71277
A 21 22 13.298416
A 21 23 12.434853
A 21 24 28.37751
A 21 25 34.084095
A 21 26 85.960976
A 21 27 80.55413
A 21 28 67.67473
A 21 29 95.58036
A 21 30 5.239296
A 21 31 32.93508
A 21 32 15.776312
A 21 33 47.862316
A 21 34 16.062378
A 21 35 18.484604
A 21 36 54.824078
A 21 37 85.4808
A 21 38 56.819557
A 21 39 93.71953
A 21 40 95.36574
A 21 41 36.91684
A 21 42 80.130646
A 21 43 32.43251
A 21 44 13.361573
A 21 45 45.427597
A 21 46 62.994267
A 21 47 63.64473
A 21 48 21.286106
A 21 49 23.50744
A 22 0 22.700369
A 22 1 82.86474
A 22 2 90.02079
A 22 3 56.707035
A 22 4 16.874731
A 22 5 15.172184
A 22 6 61.10165
A 22 7 42.336166
A 22 8 6.2861443
A 22 9 84.90585
A 22 10 11.799133
A 22 11 40.91693
A 22 12 97.14818
A 22 13 48.4668
A 22 14 44.651974
A 22 15 2.1889687
A 22 16 66.71636
A 22 17 72.60809
A 22 18 26.174652
A 22 19 75.73039
A 22 20 59.50073
A 22 21 96.879364
A 22 22 71.06904
A 22 23 71.65289
A 22 24 74.78858
A 22 25 17.130411
A 22 26 11.599886
A 22 27 89.51619
A 22 28 61.37296
A 22 29 18.632866
A 22 30 34.60194
A 22 31 38.600636
A 22 32 56.1875
A 22 33 70.35538
A 22 34 12.803328
A 22 35 5.711806
A 22 36 11.102474
A 22 37 58.03647
A 22 38 93.50323
A 22 39 89.85861
A 22 40 11.524069
A 22 41 15.019059
A 22 42 60.055767
A 22 43 21.142817
A 22 44 98.55273
A 22 45 45.600094
A 22 46 30.793488
A 22 47 72.49167
A 22 48 86.83486
A 22 49 93.796135
A 23 0 39.13567
A 23 1 28.93796
A 23 2 53.309025
A 23 3 24.646759
A 23 4 76.69598
A 23 5 19.37611
A 23 6 36.1969
A 23 7 71.27503
A 23 8 0.8641362
A 23 9 62.64659
A 23 10 18.242847
A 23 11 25.498808
A 23 12 60.101677
A 23 13 42.681145
A 23 14 84.30604
A 23 15 20.373953
A 23 16 33.734894
A 23 17 89.23695
A 23 18 51.84052
A 23 19 72.69202
A 23 20 84.1267
A 23 21 52.434288
A 23 22 9.577441
A 23 23 46.935974
A 23 24 4.683435
A 23 25 28.654373
A 23 26 93.85624
A 23 27 62.68338
A 23 28 71.4536
A 23 29 36.803997
A 23 30 22.299076
A 23 31 50.057854
A 23 32 62.789417
A 23 33 73.21495
A 23 34 16.279423
A 23 35 29.653954
A 23 36 73.58328
A 23 37 32.871223
A 23 38 62.03345
A 23 39 49.166275
A 23 40 72.06377
A 23 41 52.235855
A 23 42 60.85887
A 23 43 44.290195
A 23 44 93.124245
A 23 45 30.914938
A 23 46 94.40862
A 23 47 60.604
A 23 48 60.349823
A 23 49 18.020391
A 24 0 33.95722
A 24 1 50.443924
A 24 2 0.17566681
A 24 3 33.81907
A 24 4 76.01293
A 24 5 96.16121
A 24 6 9.156585
A 24 7 21.943724
A 24 8 61.73955
A 24 9 97.857605
A 24 10 6.191814
A 24 11 60.41012
A 24 12 82.82219
A 24 13 78.512886
A 24 14 19.24541
A 24 15 73.9524
A 24 16 92.762924
A 24 17 94.50635
A 24 18 96.39182
A 24 19 25.182093
A 24 20 6.934178
A 24 21 40.170433
A 24 22 4.5074105
A 24 23 87.33344
A 24 24 0.6873846
A 24 25 80.21291
A 24 26 90.96477
A 24 27 63.615143
A 24 28 97.37405
A 24 29 45.357574
A 24 30 33.764503
A 24 31 46.905266
A 24 32 14.9408455
A 24 33 6.511712
A 24 34 17.58647
A 24 35 71.07063
A 24 36 80.66373
A 24 37 64.36708
A 24 38 87.8742
A 24 39 11.009431
A 24 40 2.1109462
A 24 41 34.480476
A 24 42 94.641754
A 24 43 73.53412
A 24 44 0.09624958
A 24 45 22.414314
A 24 46 91.389336
A 24 47 41.00344
A 24 48 63.494003
A 24 49 28.803421
A 25 0 27.674973
A 25 1 1.6540885
A 25 2 96.315384
A 25 3 17.570484
A 25 4 0.7725835
A 25 5 77.59361
A 25 6 92.75932
A 25 7 22.996675
A 25 8 97.15937
A 25 9 36.902416
A 25 10 14.310908
A 25 11 51.687588
A 25 12 88.59489
A 25 13 14.93696
A 25 14 44.091236
A 25 15 80.586555
A 25 16 42.223145
A 25 17 71.341255
A 25 18 79.1279
A 25 19 85.73681
A 25 20 30.90378
A 25 21 73.7129
A 25 22 90.73359
A 25 23 9.931397
A 25 24 45.87307
A 25 25 21.95723
A 25 26 35.213375
A 25 27 29.70612
A 25 28 4.9996495
A 25 29 6.4133644
A 25 30 83.06098
A 25 31 80.182144
A 25 32 51.547768
A 25 33 69.680916
A 25 34 87.58235
A 25 35 43.46453
A 25 36 31.934536
A 25 37 28.497005
A 25 38 93.4754
A 25 39 86.29546
A 25 40 19.75236
A 25 41 37.566853
A 25 42 52.043915
A 25 43 92.48904
A 25 44 24.573195
A 25 45 78.86736
A 25 46 12.55517
A 25 47 54.5795
A 25 48 23.735786
A 25 49 12.149525
A 26 0 60.56752
A 26 1 49.983097
A 26 2 50.37079
A 26 3 84.855606
A 26 4 99.858536
A 26 5 73.41603
A 26 6 24.029541
A 26 7 49.801018
A 26 8 22.687649
A 26 9 59.099545
A 26 10 88.33786
A 26 11 88.69137
A 26 12 39.15094
A 26 13 88.27392
A 26 14 20.895624
A 26 15 73.88891
A 26 16 1.9167304
A 26 17 55.8499
A 26 18 43.66702
A 26 19 58.406494
A 26 20 19.998253
A 26 21 35.601936
A 26 22 18.999147
A 26 23 39.0923
A 26 24 77.48635
A 26 25 81.97465
A 26 26 59.68776
A 26 27 74.99759
A 26 28 21.689379
A 26 29 81.662025
A 26 30 93.4965
A 26 31 5.8588743
A 26 32 16.07089
A 26 33 56.999718
A 26 34 34.539246
A 26 35 44.357075
A 26 36 39.7185
A 26 37 39.036156
A 26 38 74.79691
A 26 39 8.00221
A 26 40 1.5910387
A 26 41 93.74631
A 26 42 73.488785
A 26 43 27.19885
A 26 44 92.340576
A 26 45 78.09029
A 26 46 3.8325071
A 26 47 93.91925
A 26 48 71.03066
A 26 49 61.820614
A 27 0 49.009834
A 27 1 38.093544
A 27 2 18.730366
A 27 3 97.60194
A 27 4 92.50066
A 27 5 96.00191
A 27 6 5.71388
A 27 7 46.254967
A 27 8 38.933002
A 27 9 37.12239
A 27 10 53.12036
A 27 11 43.051422
A 27 12 44.52251
A 27 13 17.627335
A 27 14 38.488613
A 27 15 30.54831
A 27 16 3.3786535
A 27 17 26.326132
A 27 18 69.546196
A 27 19 37.570835
A 27 20 19.147087
A 27 21 45.413353
A 27 22 16.156244
A 27 23 58.33169
A 27 24 27.631485
A 27 25 41.3998
A 27 26 13.762164
A 27 27 33.28278
A 27 28 2.921331
A 27 29 2.241695
A 27 30 4.222572
A 27 31 51.41926
A 27 32 34.015347
A 27 33 31.718815
A 27 34 65.5184
A 27 35 64.962494
A 27 36 1.4860511
A 27 37 23.923742
A 27 38 98.36947
A 27 39 13.593542
A 27 40 70.267365
A 27 41 51.90947
A 27 42 93.51361
A 27 43 54.775883
A 27 44 79.65565
A 27 45 77.16798
A 27 46 96.283676
A 27 47 47.250523
A 27 48 2.6452065
A 27 49 60.81922
A 28 0 34.54771
A 28 1 47.21043
A 28 2 19.926369
A 28 3 69.72387
A 28 4 95.56679
A 28 5 19.349527
A 28 6 69.283745
A 28 7 83.66437
A 28 8 86.48645
A 28 9 27.670074
A 28 10 93.47613
A 28 11 73.46306
A 28 12 26.735556
A 28 13 17.512215
A 28 14 42.9299
A 28 15 94.97453
A 28 16 41.33762
A 28 17 36.769165
A 28 18 86.1336
A 28 19 0.39464235
A 28 20 51.201977
A 28 21 82.31985
A 28 22 6.491971
A 28 23 14.184534
A 28 24 82.592026
A 28 25 87.15737
A 28 26 62.417828
A 28 27 9.620595
A 28 28 3.9676428
A 28 29 58.695995
A 28 30 55.583645
A 28 31 81.15455
A 28 32 64.549614
A 28 33 91.700806
A 28 34 96.85497
A 28 35 45.370804
A 28 36 63.145435
A 28 37 67.49505
A 28 38 60.70781
A 28 39 13.176227
A 28 40 87.09531
A 28 41 30.394876
A 28 42 81.517365
A 28 43 11.627781
A 28 44 66.25229
A 28 45 24.611557
A 28 46 62.30607
A 28 47 97.054436
A 28 48 79.04302
A 28 49 33.313908
A 29 0 6.798458
A 29 1 3.3509135
A 29 2 14.787102
A 29 3 47.64135
A 29 4 17.861725
A 29 5 18.381834
A 29 6 76.00513
A 29 7 2.363193
A 29 8 58.909477
A 29 9 7.753718
A 29 10 54.02764
A 29 11 24.994314
A 29 12 5.933833
A 29 13 81.03911
A 29 14 41.526176
A 29 15 59.819077
A 29 16 50.369144
A 29 17 8.133197
A 29 18 16.286491
A 29 19 90.882935
A 29 20 77.565384
A 29 21 2.603662
A 29 22 40.04326
A 29 23 45.33609
A 29 24 22.220469
A 29 25 91.5002
A 29 26 83.68733
A 29 27 28.92009
A 29 28 60.54374
A 29 29 57.344162
A 29 30 47.12044
A 29 31 36.174156
A 29 32 62.618805
A 29 33 24.555933
A 29 34 41.9889
A 29 35 58.498146
A 29 36 90.555336
A 29 37 8.433973
A 29 38 96.95627
A 29 39 11.738766
A 29 40 30.831314
A 29 41 23.749912
A 29 42 20.186651
A 29 43 95.484886
A 29 44 60.869778
A 29 45 62.0965
A 29 46 76.53326
A 29 47 92.12172
A 29 48 93.86113
A 29 49 17.044603
A 30 0 28.27332
A 30 1 20.717192
A 30 2 69.83619
A 30 3 63.370598
A 30 4 26.503563
A 30 5 37.150047
A 30 6 93.294235
A 30 7 24.281847
A 30 8 64.063736
A 30 9 11.036932
A 30 10 96.32448
A 30 11 3.1685472
A 30 12 37.75295
A 30 13 75.89741
A 30 14 62.877678
A 30 15 14.527548
A 30 16 51.44911
A 30 17 62.243317
A 30 18 77.0699
A 30 19 65.627754
A 30 20 95.49403
A 30 21 28.508736
A 30 22 25.888014
A 30 23 2.0415068
A 30 24 5.5678487
A 30 25 63.326706
A 30 26 46.23934
A 30 27 0.30415058
A 30 28 37.75482
A 30 29 95.61659
A 30 30 87.15333
A 30 31 68.78552
A 30 32 19.79332
A 30 33 3.7054539
A 30 34 64.88153
A 30 35 2.82799
A 30 36 86.175224
A 30 37 83.46009
A 30 38 10.695374
A 30 39 71.100975
A 30 40 35.611404
A 30 41 95.30276
A 30 42 62.251545
A 30 43 26.25953
A 30 44 42.975307
A 30 45 35.0366
A 30 46 63.45793
A 30 47 84.48713
A 30 48 93.13547
A 30 49 43.71779
A 31 0 49.51385
A 31 1 59.111668
A 31 2 0.6237507
A 31 3 59.68188
A 31 4 40.20822
A 31 5 2.240324
A 31 6 59.861458
A 31 7 76.49794
A 31 8 80.7703
A 31 9 39.995743
A 31 10 24.2149
A 31 11 82.905304
A 31 12 70.42328
A 31 13 95.38614
A 31 14 40.338562
A 31 15 10.546923
A 31 16 30.13065
A 31 17 59.899567
A 31 18 34.255886
A 31 19 62.795113
A 31 20 15.792191
A 31 21 76.968094
A 31 22 88.65969
A 31 23 83.689674
A 31 24 29.085373
A 31 25 95.28451
A 31 26 69.06172
A 31 27 51.791214
A 31 28 53.46863
A 31 29 2.3372173
A 31 30 62.651466
A 31 31 37.184097
A 31 32 96.843544
A 31 33 63.178944
A 31 34 95.981064
A 31 35 8.328676
A 31 36 26.721298
A 31 37 61.36763
A 31 38 1.6575813
A 31 39 24.591578
A 31 40 75.12692
A 31 41 18.303322
A 31 42 63.79069
A 31 43 57.23113
A 31 44 46.973217
A 31 45 96.81822
A 31 46 69.57997
A 31 47 22.076035
A 31 48 94.19789
A 31 49 42.903973
A 32 0 25.048721
A 32 1 84.37905
A 32 2 33.986248
A 32 3 75.858345
A 32 4 34.9128
A 32 5 54.847683
A 32 6 82.78471
A 32 7 47.64916
A 32 8 91.557625
A 32 9 1.548779
A 32 10 92.14996
A 32 11 21.89337
A 32 12 14.600468
A 32 13 34.133957
A 32 14 34.647118
A 32 15 6.0723543
A 32 16 90.42282
A 32 17 74.5736
A 32 18 93.52726
A 32 19 46.075523
A 32 20 61.915993
A 32 21 42.357193
A 32 22 19.235897
A 32 23 7.4159384
A 32 24 9.210098
A 32 25 66.98817
A 32 26 98.45904
A 32 27 77.73302
A 32 28 30.598248
A 32 29 77.4129
A 32 30 79.313255
A 32 31 48.77648
A 32 32 94.000694
A 32 33 87.98442
A 32 34 62.707436
A 32 35 17.254913
A 32 36 57.73932
A 32 37 64.360176
A 32 38 4.731524
A 32 39 12.605392
A 32 40 99.54842
A 32 41 36.145424
A 32 42 23.95792
A 32 43 26.549398
A 32 44 83.16797
A 32 45 27.93604
A 32 46 86.40162
A 32 47 51.56678
A 32 48 80.4859
A 32 49 74.220764
A 33 0 36.84362
A 33 1 40.494717
A 33 2 85.92892
A 33 3 66.78255
A 33 4 93.74639
A 33 5 74.8842
A 33 6 60.320984
A 33 7 12.52048
A 33 8 41.415237
A 33 9 81.22347
A 33 10 26.890491
A 33 11 26.411652
A 33 12 46.513985
A 33 13 65.507385
A 33 14 8.988607
A 33 15 53.29498
A 33 16 7.911849
A 33 17 64.61711
A 33 18 15.934837
A 33 19 92.91299
A 33 20 68.904236
A 33 21 11.511219
A 33 22 13.54512
A 33 23 86.633896
A 33 24 25.686623
A 33 25 30.302011
A 33 26 62.28205
A 33 27 49.454845
A 33 28 33.259403
A 33 29 61.442314
A 33 30 40.293087
A 33 31 52.027084
A 33 32 90.40061
A 33 33 72.981224
A 33 34 39.692795
A 33 35 27.647745
A 33 36 77.892075
A 33 37 39.350616
A 33 38 72.22394
A 33 39 93.25211
A 33 40 23.38351
A 33 41 78.05176
A 33 42 14.809918
A 33 43 91.020836
A 33 44 22.59674
A 33 45 98.85727
A 33 46 13.241363
A 33 47 14.875448
A 33 48 12.5765915
A 33 49 45.530365
A 34 0 53.910446
A 34 1 58.97249
A 34 2 23.867977
A 34 3 12.74575
A 34 4 90.89957
A 34 5 33.393456
A 34 6 0.58425665
A 34 7 79.29819
A 34 8 53.694298
A 34 9 28.72138
A 34 10 83.66616
A 34 11 27.06535
A 34 12 25.19902
A 34 13 46.53312
A 34 14 75.24995
A 34 15 71.22232
A 34 16 48.54052
A 34 17 16.15678
A 34 18 37.634148
A 34 19 23.32319
A 34 20 5.63972
A 34 21 74.85665
A 34 22 94.70185
A 34 23 83.65246
A 34 24 13.259756
A 34 25 57.44567
A 34 26 52.42497
A 34 27 82.932365
A 34 28 46.22841
A 34 29 74.842896
A 34 30 41.108368
A 34 31 24.645555
A 34 32 14.013731
A 34 33 47.61931
A 34 34 65.97907
A 34 35 83.773575
A 34 36 43.793427
A 34 37 70.41522
A 34 38 36.51439
A 34 39 71.46568
A 34 40 27.930891
A 34 41 14.75519
A 34 42 51.887714
A 34 43 63.10092
A 34 44 85.754265
A 34 45 79.42721
A 34 46 66.773735
A 34 47 73.97497
A 34 48 93.63876
A 34 49 15.34543
A 35 0 81.05117
A 35 1 19.600033
A 35 2 32.684853
A 35 3 47.114384
A 35 4 96.01622
A 35 5 66.25705
A 35 6 70.410095
A 35 7 77.20951
A 35 8 19.793724
A 35 9 48.191475
A 35 10 62.747765
A 35 11 3.0775666
A 35 12 66.19438
A 35 13 4.264474
A 35 14 27.987122
A 35 15 81.58991
A 35 16 17.42462
A 35 17 25.615824
A 35 18 20.225834
A 35 19 70.56123
A 35 20 2.1811247
A 35 21 31.956804
A 35 22 94.700325
A 35 23 37.466835
A 35 24 22.126818
A 35 25 98.56802
A 35 26 64.09855
A 35 27 53.103172
A 35 28 83.07758
A 35 29 30.497753
A 35 30 94.82927
A 35 31 80.07548
A 35 32 72.77454
A 35 33 92.65016
A 35 34 33.837353
A 35 35 56.566666
A 35 36 80.44834
A 35 37 88.507095
A 35 38 90.59425
A 35 39 45.429337
A 35 40 34.98162
A 35 41 60.822464
A 35 42 97.09106
A 35 43 74.534225
A 35 44 21.901978
A 35 45 36.444534
A 35 46 11.906063
A 35 47 73.64481
A 35 48 33.96362
A 35 49 66.789505
A 36 0 59.15749
A 36 1 78.29177
A 36 2 24.789083
A 36 3 50.984478
A 36 4 78.58124
A 36 5 32.95573
A 36 6 33.324005
A 36 7 47.346985
A 36 8 68.21974
A 36 9 47.74667
A 36 10 31.837809
A 36 11 1.8235326
A 36 12 99.01765
A 36 13 83.65858
A 36 14 81.93321
A 36 15 11.782956
A 36 16 16.542566
A 36 17 91.721985
A 36 18 48.469078
A 36 19 77.17842
A 36 20 14.020491
A 36 21 17.391777
A 36 22 66.87525
A 36 23 34.207962
A 36 24 55.21182
A 36 25 18.511284
A 36 26 66.182884
A 36 27 71.48297
A 36 28 23.442364
A 36 29 83.060715
A 36 30 35.200466
A 36 31 70.940636
A 36 32 75.43255
A 36 33 63.838814
A 36 34 20.150412
A 36 35 40.001118
A 36 36 5.6802034
A 36 37 3.3088326
A 36 38 13.923109
A 36 39 49.57396
A 36 40 40.04135
A 36 41 93.76664
A 36 42 94.61037
A 36 43 62.00211
A 36 44 56.218697
A 36 45 70.949005
A 36 46 86.82376
A 36 47 29.01976
A 36 48 72.108116
A 36 49 2.4854422
A 37 0 98.206345
A 37 1 40.12836
A 37 2 42.675827
A 37 3 76.580086
A 37 4 82.728516
A 37 5 38.533676
A 37 6 97.64465
A 37 7 18.20835
A 37 8 1.9310951
A 37 9 46.90679
A 37 10 16.635143
A 37 11 84.38996
A 37 12 17.567026
A 37 13 29.247093
A 37 14 46.434914
A 37 15 52.143276
A 37 16 91.95383
A 37 17 23.368908
A 37 18 42.841053
A 37 19 7.5070024
A 37 20 93.50412
A 37 21 78.14681
A 37 22 17.522038
A 37 23 45.952045
A 37 24 45.923256
A 37 25 56.07866
A 37 26 50.31836
A 37 27 88.98426
A 37 28 48.999332
A 37 29 45.230007
A 37 30 18.811024
A 37 31 89.402794
A 37 32 59.806885
A 37 33 1.383388
A 37 34 55.200325
A 37 35 76.028564
A 37 36 77.663925
A 37 37 96.181465
A 37 38 35.994686
A 37 39 97.488365
A 37 40 25.23079
A 37 41 92.42463
A 37 42 36.48162
A 37 43 90.47425
A 37 44 5.7558417
A 37 45 87.178734
A 37 46 43.56576
A 37 47 36.631035
A 37 48 86.43786
A 37 49 24.202835
A 38 0 63.242485
A 38 1 14.0128975
A 38 2 61.98988
A 38 3 74.40478
A 38 4 11.236155
A 38 5 91.688446
A 38 6 25.626923
A 38 7 90.23908
A 38 8 30.01368
A 38 9 50.36905
A 38 10 83.59496
A 38 11 87.76307
A 38 12 92.89122
A 38 13 6.896174
A 38 14 88.63848
A 38 15 70.88752
A 38 16 88.65939
A 38 17 2.2547126
A 38 18 70.868805
A 38 19 72.402596
A 38 20 5.680406
A 38 21 16.79877
A 38 22 67.53869
A 38 23 45.69323
A 38 24 59.822655
A 38 25 26.715385
A 38 26 23.411964
A 38 27 80.147484
A 38 28 76.32381
A 38 29 61.68803
A 38 30 99.15831
A 38 31 15.453815
A 38 32 46.335243
A 38 33 32.678436
A 38 34 56.646667
A 38 35 54.287422
A 38 36 47.054554
A 38 37 67.81326
A 38 38 87.8752
A 38 39 79.46341
A 38 40 10.613501
A 38 41 85.62772
A 38 42 38.608276
A 38 43 12.030268
A 38 44 99.20405
A 38 45 63.14324
A 38 46 37.247883
A 38 47 99.64269
A 38 48 51.246716
A 38 49 28.133476
A 39 0 51.364147
A 39 1 54.712128
A 39 2 75.096725
A 39 3 60.11063
A 39 4 58.34664
A 39 5 64.152565
A 39 6 89.58262
A 39 7 32.353996
A 39 8 11.764145
A 39 9 93.75685
A 39 10 30.133677
A 39 11 79.46212
A 39 12 10.657072
A 39 13 29.632223
A 39 14 57.131016
A 39 15 68.0556
A 39 16 5.2214622
A 39 17 2.8841496
A 39 18 70.406975
A 39 19 56.147205
A 39 20 32.35519
A 39 21 82.3717
A 39 22 8.15097
A 39 23 45.38944
A 39 24 38.00745
A 39 25 8.347141
A 39 26 22.474003
A 39 27 34.222008
A 39 28 86.9797
A 39 29 27.929497
A 39 30 22.740185
A 39 31 11.809074
A 39 32 32.99426
A 39 33 57.102524
A 39 34 50.45916
A 39 35 93.84353
A 39 36 40.224064
A 39 37 87.7195
A 39 38 47.489964
A 39 39 89.98108
A 39 40 60.509335
A 39 41 79.040375
A 39 42 91.46597
A 39 43 14.006912
A 39 44 23.414839
A 39 45 5.6631923
A 39 46 58.294273
A 39 47 53.56246
A 39 48 35.44197
A 39 49 24.044455
A 40 0 7.6767087
A 40 1 60.753677
A 40 2 65.27189
A 40 3 87.0886
A 40 4 0.11082888
A 40 5 15.976488
A 40 6 46.99099
A 40 7 86.72653
A 40 8 30.693913
A 40 9 82.93544
A 40 10 73.54562
A 40 11 63.49516
A 40 12 13.322437
A 40 13 76.52874
A 40 14 38.522636
A 40 15 65.256966
A 40 16 25.603151
A 40 17 89.800705
A 40 18 14.846563
A 40 19 80.56873
A 40 20 50.24872
A 40 21 94.64897
A 40 22 3.154695
A 40 23 94.05414
A 40 24 25.476658
A 40 25 41.036213
A 40 26 82.29139
A 40 27 89.50398
A 40 28 8.71874
A 40 29 86.45437
A 40 30 97.57694
A 40 31 90.048065
A 40 32 12.945032
A 40 33 45.683468
A 40 34 12.933434
A 40 35 48.241257
A 40 36 42.2174
A 40 37 24.341536
A 40 38 70.29773
A 40 39 54.915203
A 40 40 25.223864
A 40 41 71.274635
A 40 42 56.38479
A 40 43 91.47059
A 40 44 62.110374
A 40 45 23.282766
A 40 46 80.117905
A 40 47 95.97064
A 40 48 46.615005
A 40 49 76.95277
A 41 0 73.102104
A 41 1 13.078117
A 41 2 44.383396
A 41 3 70.78202
A 41 4 83.069336
A 41 5 54.89576
A 41 6 12.576807
A 41 7 4.2845607
A 41 8 45.80499
A 41 9 38.1626
A 41 10 1.1266232
A 41 11 37.92428
A 41 12 18.488789
A 41 13 5.1814556
A 41 14 70.60796
A 41 15 21.553183
A 41 16 3.23112
A 41 17 63.59439
A 41 18 4.893422
A 41 19 7.624328
A 41 20 40.782093
A 41 21 98.16203
A 41 22 65.26987
A 41 23 45.91862
A 41 24 89.514755
A 41 25 3.7031054
A 41 26 2.6787758
A 41 27 85.8745
A 41 28 24.839329
A 41 29 85.39351
A 41 30 54.431007
A 41 31 3.595543
A 41 32 77.47366
A 41 33 82.882484
A 41 34 71.83501
A 41 35 19.101261
A 41 36 18.449247
A 41 37 19.197094
A 41 38 18.33502
A 41 39 57.88654
A 41 40 25.813807
A 41 41 56.46142
A 41 42 70.68543
A 41 43 64.68737
A 41 44 85.25403
A 41 45 46.469234
A 41 46 76.581314
A 41 47 86.32885
A 41 48 63.628853
A 41 49 47.660244
A 42 0 65.85666
A 42 1 30.61961
A 42 2 2.9020786
A 42 3 96.48105
A 42 4 91.23881
A 42 5 68.98824
A 42 6 82.752625
A 42 7 7.4547887
A 42 8 41.10433
A 42 9 59.16765
A 42 10 49.51072
A 42 11 1.8025994
A 42 12 22.04963
A 42 13 33.76838
A 42 14 99.582756
A 42 15 8.646238
A 42 16 28.940975
A 42 17 59.6802
A 42 18 0.49185753
A 42 19 78.309296
A 42 20 95.55728
A 42 21 5.3717613
A 42 22 83.32977
A 42 23 3.1286836
A 42 24 26.436699
A 42 25 50.54989
A 42 26 56.13749
A 42 27 21.714056
A 42 28 11.748743
A 42 29 68.231606
A 42 30 25.827385
A 42 31 34.371353
A 42 32 8.284414
A 42 33 5.9812546
A 42 34 15.868414
A 42 35 84.408485
A 42 36 93.84435
A 42 37 87.57647
A 42 38 19.393814
A 42 39 97.46628
A 42 40 52.953506
A 42 41 61.616943
A 42 42 93.07885
A 42 43 94.24088
A 42 44 61.29657
A 42 45 89.55668
A 42 46 41.15895
A 42 47 93.30065
A 42 48 44.23578
A 42 49 22.795414
A 43 0 94.352425
A 43 1 92.60223
A 43 2 47.467827
A 43 3 13.007271
A 43 4 30.035162
A 43 5 87.21751
A 43 6 91.02676
A 43 7 21.76832
A 43 8 70.60434
A 43 9 88.720856
A 43 10 58.63426
A 43 11 78.94569
A 43 12 68.95203
A 43 13 83.998405
A 43 14 33.105957
A 43 15 87.835396
A 43 16 14.340603
A 43 17 77.1029
A 43 18 36.922
A 43 19 80.831696
A 43 20 79.53779
A 43 21 84.284386
A 43 22 37.80849
A 43 23 70.80672
A 43 24 28.195454
A 43 25 40.432022
A 43 26 91.44378
A 43 27 0.2007246
A 43 28 34.880318
A 43 29 60.993134
A 43 30 22.456287
A 43 31 64.58594
A 43 32 0.18116236
A 43 33 57.73078
A 43 34 9.841692
A 43 35 34.09656
A 43 36 67.493835
A 43 37 64.77286
A 43 38 0.7345319
A 43 39 45.321167
A 43 40 18.55483
A 43 41 2.4238825
A 43 42 12.937307
A 43 43 65.56948
A 43 44 34.072483
A 43 45 2.9917955
A 43 46 21.869576
A 43 47 16.569948
A 43 48 59.137547
A 43 49 27.133799
A 44 0 14.219391
A 44 1 21.947134
A 44 2 53.643322
A 44 3 87.66315
A 44 4 39.365494
A 44 5 37.43434
A 44 6 38.204372
A 44 7 8.775175
A 44 8 93.44285
A 44 9 75.62315
A 44 10 89.14826
A 44 11 4.5933366
A 44 12 58.83038
A 44 13 2.756071
A 44 14 9.425438
A 44 15 22.644127
A 44 16 44.34593
A 44 17 91.52578
A 44 18 3.01404
A 44 19 80.87858
A 44 20 58.51407
A 44 21 25.707817
A 44 22 45.679726
A 44 23 90.002525
A 44 24 48.067318
A 44 25 29.593826
A 44 26 54.547035
A 44 27 34.345974
A 44 28 14.670383
A 44 29 5.7675004
A 44 30 53.787148
A 44 31 13.741529
A 44 32 98.2584
A 44 33 97.06332
A 44 34 72.63482
A 44 35 33.03641
A 44 36 99.42515
A 44 37 36.718323
A 44 38 23.317932
A 44 39 81.61787
A 44 40 74.99695
A 44 41 4.089737
A 44 42 22.104
A 44 43 28.985477
A 44 44 48.461163
A 44 45 13.612307
A 44 46 3.4712434
A 44 47 87.670494
A 44 48 46.118332
A 44 49 39.349686
A 45 0 12.330151
A 45 1 98.19594
A 45 2 32.577835
A 45 3 49.37353
A 45 4 7.919097
A 45 5 81.89555
A 45 6 43.31659
A 45 7 68.54191
A 45 8 11.014545
A 45 9 52.806293
A 45 10 13.257038
A 45 11 97.43937
A 45 12 10.804272
A 45 13 79.69818
A 45 14 96.95381
A 45 15 62.795162
A 45 16 87.89571
A 45 17 61.337505
A 45 18 51.627506
A 45 19 62.636173
A 45 20 28.980028
A 45 21 65.65085
A 45 22 58.459618
A 45 23 85.89516
A 45 24 42.873035
A 45 25 24.219322
A 45 26 51.626896
A 45 27 84.39255
A 45 28 12.349796
A 45 29 53.80374
A 45 30 1.3702273
A 45 31 12.021362
A 45 32 48.2056
A 45 33 91.83021
A 45 34 64.12434
A 45 35 34.187637
A 45 36 22.708738
A 45 37 31.730629
A 45 38 46.00042
A 45 39 19.133818
A 45 40 48.15695
A 45 41 73.32101
A 45 42 44.4728
A 45 43 27.77276
A 45 44 37.53146
A 45 45 21.632301
A 45 46 11.798775
A 45 47 86.47604
A 45 48 99.835945
A 45 49 61.305
A 46 0 21.019161
A 46 1 80.10552
A 46 2 1.4636278
A 46 3 26.657736
A 46 4 20.456028
A 46 5 95.2571
A 46 6 94.020256
A 46 7 62.569355
A 46 8 47.305344
A 46 9 94.04327
A 46 10 94.66306
A 46 11 26.697767
A 46 12 77.51837
A 46 13 67.63403
A 46 14 91.04864
A 46 15 52.085068
A 46 16 24.975336
A 46 17 12.944865
A 46 18 66.90757
A 46 19 1.0198832
A 46 20 20.520126
A 46 21 91.62339
A 46 22 31.53528
A 46 23 51.06038
A 46 24 20.090067
A 46 25 48.858143
A 46 26 73.7974
A 46 27 63.021683
A 46 28 72.906006
A 46 29 96.39823
A 46 30 70.708916
A 46 31 44.790817
A 46 32 13.907158
A 46 33 82.62058
A 46 34 61.91119
A 46 35 12.085474
A 46 36 64.89311
A 46 37 16.910065
A 46 38 16.739977
A 46 39 36.457085
A 46 40 6.4894795
A 46 41 17.796349
A 46 42 61.52743
A 46 43 50.089943
A 46 44 38.331078
A 46 45 71.96331
A 46 46 52.52671
A 46 47 43.111374
A 46 48 14.526976
A 46 49 89.94534
A 47 0 37.562416
A 47 1 91.036736
A 47 2 12.619459
A 47 3 51.386597
A 47 4 45.02376
A 47 5 63.012814
A 47 6 57.465397
A 47 7 58.91179
A 47 8 37.795235
A 47 9 13.069057
A 47 10 8.805108
A 47 11 48.707474
A 47 12 16.087067
A 47 13 55.1818
A 47 14 55.885063
A 47 15 1.17625
A 47 16 4.3649435
A 47 17 25.929928
A 47 18 5.0521135
A 47 19 91.411255
A 47 20 50.669838
A 47 21 85.90666
A 47 22 33.417416
A 47 23 18.06538
A 47 24 26.586878
A 47 25 58.54045
A 47 26 89.16613
A 47 27 28.684975
A 47 28 17.151033
A 47 29 41.628014
A 47 30 91.24031
A 47 31 62.633537
A 47 32 92.70564
A 47 33 54.12216
A 47 34 61.58053
A 47 35 20.60926
A 47 36 28.262447
A 47 37 75.44303
A 47 38 86.17348
A 47 39 71.72602
A 47 40 2.7274132
A 47 41 34.35861
A 47 42 16.917526
A 47 43 3.550303
A 47 44 68.20431
A 47 45 33.92776
A 47 46 76.128136
A 47 47 58.062363
A 47 48 35.468124
A 47 49 70.539474
A 48 0 53.322517
A 48 1 33.282078
A 48 2 14.402235
A 48 3 18.044722
A 48 4 84.04622
A 48 5 49.768673
A 48 6 7.0133805
A 48 7 85.214935
A 48 8 37.391174
A 48 9 64.86282
A 48 10 49.560917
A 48 11 87.34819
A 48 12 81.43325
A 48 13 21.32256
A 48 14 76.966156
A 48 15 74.084366
A 48 16 59.24381
A 48 17 99.70947
A 48 18 3.7691832
A 48 19 95.47766
A 48 20 54.970848
A 48 21 72.812355
A 48 22 27.703726
A 48 23 53.43914
A 48 24 84.556404
A 48 25 9.87246
A 48 26 43.82337
A 48 27 62.58526
A 48 28 70.064285
A 48 29 87.99796
A 48 30 87.32363
A 48 31 67.02775
A 48 32 8.616745
A 48 33 12.737012
A 48 34 80.22548
A 48 35 51.227867
A 48 36 2.5680542
A 48 37 94.4496
A 48 38 88.59923
A 48 39 7.950616
A 48 40 60.281075
A 48 41 7.8109264
A 48 42 83.246025
A 48 43 19.872952
A 48 44 22.359228
A 48 45 65.29331
A 48 46 46.645428
A 48 47 52.570786
A 48 48 70.54657
A 48 49 36.64447
A 49 0 29.89787
A 49 1 33.318542
A 49 2 82.24837
A 49 3 26.672482
A 49 4 7.4563265
A 49 5 20.295979
A 49 6 45.126488
A 49 7 46.41726
A 49 8 31.195854
A 49 9 51.971268
A 49 10 87.97133
A 49 11 77.71609
A 49 12 43.620216
A 49 13 61.247837
A 49 14 87.9408
A 49 15 98.770966
A 49 16 53.79603
A 49 17 49.12492
A 49 18 67.81826
A 49 19 85.58886
A 49 20 6.4386964
A 49 21 33.174133
A 49 22 17.49159
A 49 23 94.126656
A 49 24 57.36934
A 49 25 49.68891
A 49 26 75.60887
A 49 27 88.16824
A 49 28 3.1775594
A 49 29 56.228973
A 49 30 17.335045
A 49 31 8.005643
A 49 32 85.9144
A 49 33 76.23422
A 49 34 6.784749
A 49 35 21.907402
A 49 36 89.99668
A 49 37 70.54802
A 49 38 44.69273
A 49 39 16.652023
A 49 40 98.92661
A 49 41 57.17728
A 49 42 13.438034
A 49 43 47.963406
A 49 44 29.126549
A 49 45 90.5512
A 49 46 4.414463
A 49 47 57.37058
A 49 48 97.83836
A 49 49 25.167953
B 0 0 1
B 1 1 1
B 2 2 1
B 3 3 1
B 4 4 1
B 5 5 1
B 6 6 1
B 7 7 1
B 8 8 1
B 9 9 1
B 10 10 1
B 11 11 1
B 12 12 1
B 13 13 1
B 14 14 1
B 15 15 1
B 16 16 1
B 17 17 1
B 18 18 1
B 19 19 1
B 20 20 1
B 21 21 1
B 22 22 1
B 23 23 1
B 24 24 1
B 25 25 1
B 26 26 1
B 27 27 1
B 28 28 1
B 29 29 1
B 30 30 1
B 31 31 1
B 32 32 1
B 33 33 1
B 34 34 1
B 35 35 1
B 36 36 1
B 37 37 1
B 38 38 1
B 39 39 1
B 40 40 1
B 41 41 1
B 42 42 1
B 43 43 1
B 44 44 1
B 45 45 1
B 46 46 1
B 47 47 1
B 48 48 1
B 49 49 1
